.Random.seed <-
c(403L, 120L, -605476019L, -1304627686L, -723333880L, -1144922707L, 
-2081388573L, -1488651914L, -1489147315L, 417292550L, -236002379L, 
-691153317L, -340229866L, -1459716982L, -523275627L, 1549645938L, 
49802803L, -1500140548L, 283669430L, 1517434022L, 346732585L, 
-121636118L, 448311295L, -1872838681L, -481121447L, 1652894812L, 
-921650787L, -694256936L, 621296389L, -1130638663L, -177934990L, 
2093133398L, 825134163L, 442904795L, 1933363407L, -331929354L, 
1245475365L, -876026147L, 1908664981L, -1522151303L, 227178356L, 
-399396831L, -1166585814L, 660270538L, -1602179353L, 1843918455L, 
-1390853211L, 1672765563L, -1754065449L, 568133795L, -1360757322L, 
342190977L, 62643363L, -256018618L, 258446384L, -473711149L, 
6352975L, 920287968L, 721044538L, 240099199L, 1552905296L, -188814319L, 
1383878328L, 1561295964L, -1600406794L, 1423884639L, -554074508L, 
1994833090L, 1299674225L, -1727413548L, 1499297270L, 241166941L, 
130708929L, 2069968524L, 1344262163L, -1135718967L, -95444022L, 
537063529L, -536242927L, 1682036661L, 961716198L, 1463274006L, 
-1805188223L, -629347300L, -2111113608L, 711589938L, -469795759L, 
661010594L, -1538238233L, 804656646L, -1623116239L, 1825932790L, 
973370026L, -86297569L, -1536731548L, -1615807782L, 1957408715L, 
1271491707L, -580505311L, -286259265L, 1013356292L, 1543384369L, 
-943059913L, -114755612L, -1714755715L, -1686450198L, 2175676L, 
-2006323202L, 12542725L, -1370870263L, -872410327L, -1572718678L, 
1290962755L, -1546439488L, -1139788661L, -894187894L, 91618856L, 
-1274990191L, 36349237L, 1698916738L, 298840475L, 423297115L, 
-786497364L, 18699102L, 1071720592L, -1980979833L, 531087870L, 
956175810L, 578102820L, 2031170603L, 1142063365L, 1127410785L, 
-156284066L, -1523450239L, 1527732873L, -507598536L, -1123329989L, 
-376451519L, -1407882858L, -254427666L, 1894491132L, -1626549798L, 
-94875063L, -1317111223L, -1379666118L, -1200205614L, -373155302L, 
384108314L, -1924604452L, -1164913623L, -109642860L, -864121678L, 
-538270092L, -1700937241L, -1562352340L, -1330577411L, -1698426000L, 
-459893685L, -1952511404L, 1979655159L, 1481004579L, 166665995L, 
1988429959L, 1708758927L, -1108679481L, -1507174376L, 1774373700L, 
-1935164131L, -1938024020L, 914704758L, -266428766L, -361844508L, 
-640206738L, 2034958054L, 957432146L, 1513346248L, 248209784L, 
1876349687L, 637057225L, -738337523L, 744406660L, 133895548L, 
-1312778774L, -1915146478L, 833860233L, -151250115L, -1053076463L, 
1657696740L, -1849333008L, -1933536405L, 1788487797L, -309837191L, 
-1160288403L, 494449650L, -831491360L, -1676311453L, -498217760L, 
-562770235L, -1106741452L, -1057265505L, -1345901908L, -1652820489L, 
-880474375L, 1953028025L, -1066601439L, -1155509114L, 33661294L, 
-296397735L, -1176166576L, -2122079338L, 794777423L, 304630580L, 
-717710L, 1685503991L, 186924584L, -371761394L, -1608079573L, 
-698714191L, 198754330L, 1046878692L, -809930146L, -1440848265L, 
1969411425L, 1554810917L, 401946681L, 1406698617L, 813971762L, 
1782083248L, -818153813L, 1498890098L, 1001674531L, 629837667L, 
-429921847L, -2092127085L, 392718097L, 240874597L, 2077222345L, 
-1175340694L, 566076154L, 1561242053L, 1708566431L, -142029592L, 
807736029L, 1753747629L, -1597177726L, -1761604339L, -467764720L, 
7550616L, -2048377935L, -312533262L, -2079245020L, -1064108613L, 
-451802201L, 1370799572L, 1462515683L, -155157536L, -1206943028L, 
1992889114L, -1119533423L, 1297028182L, 199044071L, -719502202L, 
931520244L, 1527181532L, 601058792L, -332267887L, 1346481999L, 
-1153564708L, -371933731L, 1648030820L, -677531356L, -784702108L, 
257249467L, 218611141L, 896469352L, -483920996L, -2033248544L, 
-698795430L, 139938885L, -1691537695L, -2092445501L, 1865947766L, 
1206061328L, 331108025L, -298891212L, 103085547L, 493685711L, 
-1829339284L, -916951587L, 66003384L, -382726856L, 1535199163L, 
-348734494L, -1313146635L, 454653054L, 1056739154L, 2030662381L, 
-835792893L, -446314044L, -53834166L, -1859834824L, -1736804292L, 
1220590193L, 1932352336L, -139435151L, 90873154L, -1118036515L, 
-2012432189L, -1929372102L, -2034960504L, -774996123L, -614552800L, 
1579424036L, -1206366792L, 432172791L, 1915621837L, -884180831L, 
21586464L, -1335451937L, -1774689120L, -733446524L, 1642675530L, 
1379761450L, 871913743L, 606784569L, 761858871L, 484740435L, 
-707078083L, -1251940241L, 1161475934L, -461629635L, 227183096L, 
18461926L, 1109461923L, -288564484L, -1658421564L, -1713895206L, 
-1212933511L, -115599647L, 684796360L, 1390149679L, -1622953515L, 
1381972647L, 1639928744L, 216997311L, 1959313586L, 504682016L, 
1456037039L, 859038496L, -1579355398L, 19240673L, -1029597647L, 
-1221481986L, 820581265L, 1392480108L, -1531599637L, 616291849L, 
260515572L, -197087632L, 824690951L, 1189025974L, -1510322450L, 
-1528649876L, 356820853L, 1379750604L, 1689276808L, 2016171646L, 
-141783644L, -187373780L, -1580580939L, -1921910398L, -1327099521L, 
-1725929191L, 829752112L, -641167179L, 369328115L, 1302302176L, 
1906191087L, -197718225L, 252454281L, 406461509L, -1724486372L, 
-2094574664L, -1966534292L, 1556474386L, -2107779890L, 1806027762L, 
-2000949629L, -1577049586L, -1687156266L, 686617280L, -2133025925L, 
1155638428L, 88611164L, -531277778L, 691396613L, 1354252495L, 
377127465L, 723441894L, 365391864L, 1279096227L, 1490882328L, 
1367283808L, -107844254L, -1258761391L, 935527129L, 970535454L, 
-1676696234L, 709347830L, -1173608110L, -569420349L, 580882266L, 
-774947780L, -607816714L, -754282910L, -94816672L, 1416450730L, 
-1370431967L, -1174095970L, -1454065192L, 319418217L, -979439774L, 
-1234867024L, -1006940715L, -500679925L, -1434349914L, -1457355561L, 
-504067580L, -464147058L, 665678839L, -1791519009L, -1147647450L, 
2025664923L, 832579030L, 486331531L, 724963772L, 875668243L, 
-1749998221L, 444816022L, -777676328L, 212079600L, -1942372924L, 
-535490811L, 466579166L, -1764637490L, -781245104L, 102519978L, 
108763968L, 264961353L, 1586607130L, -1027043479L, 240794087L, 
1710109338L, -359496678L, -1366714369L, -1680695316L, -552657399L, 
-1837327016L, 1349685171L, -487714L, 824268802L, -53783555L, 
113352984L, -780570465L, -321564273L, -1460139734L, 586839327L, 
-1355275440L, 1192338773L, 1773505804L, 1793634212L, 1701152600L, 
2065486747L, 915729589L, -1566960984L, 1812021616L, 1644756840L, 
-1607316687L, 274179337L, -167863522L, -1929751352L, -936714019L, 
1230468619L, -924764779L, 1542409089L, -400082842L, -1503923062L, 
869351671L, 185194208L, 1462258186L, -1893860270L, 1994458679L, 
1156069411L, 174918465L, -1248530511L, -987674873L, 23186029L, 
918647846L, 1283777336L, -697181825L, 1563308260L, 1842725818L, 
1762859993L, -576083418L, -947290832L, -1240097602L, 1026695341L, 
-107972192L, -1495524045L, -1519870145L, -776026769L, 896408946L, 
1432835230L, 1801614347L, 1292146655L, 1137806750L, 984999283L, 
-1941139454L, -429351980L, 316478263L, 1329728554L, -1518210569L, 
-587574747L, -202644920L, -989306191L, -197003171L, -1405636325L, 
-1214725833L, 1162868579L, -1565281595L, -1944790949L, -374451551L, 
-995336040L, -1552226415L, 1977438122L, -19616025L, 1420046416L, 
-1576976657L, 1980051800L, 599896649L, 186171647L, 630932040L, 
-318965380L, -258599590L, 1704889242L, 2126383854L, 1532509029L, 
1294157559L, 1332354779L, -1122327671L, 1193671647L, 1733395074L, 
1880399638L, -2066864921L, -82784969L, -121287869L, 1676159543L, 
-740606774L, -1306958316L, -1402417105L, -669102796L, 302203897L, 
1581031182L, -1783372144L, 1975789365L, 755568211L, 600509120L, 
-787341524L, 1055637886L, 1512768442L, 60187537L, -143592106L, 
-1282075627L, 2137429531L, 1867930083L, 93794266L, -842546413L, 
838496033L, 839040294L, -360235986L, -296157176L, 1274510889L, 
653125936L, -325308325L, -1541324087L, 1837478809L, 973825615L, 
-403668131L, 2033322117L, -388396234L, -547049304L, -1643939723L, 
-916355082L, 1044839354L, 1221231366L, -2070384478L, 768757486L, 
-780873612L, 531941978L, -1148452661L, -558466573L, -681066913L, 
-1062607736L, 1485326727L, -161975000L, 464838815L, -2080302776L, 
